,0,1,2,3,4,5,6,7,8,9,10,11,12,13,14,15,16,17,18,19,20,21,22,23,24,25,26,27,28,29,30,31,32,33,34,35,36,37,38,39,40,41,42,43,44,45,46,47,48,49,50,51,52,53,54,55,56,57,58,59,60,61,62,63,64,65,66,67,68,69,70,71,72,73,74,75,76,77,78,79,80,81,82,83,84,85,86,87,88,89,90,91,92,93,94,95,96,97,98,99,100,101,102,103,104,105,106,107,108,109,110,111,112,113,114,115,116,117,118,119,120,121,122,123,124,125,126,127,128,129,130,131,132,133,134,135,136,137,138,139,140,141,142,143,144,145,146,147,148,149,150,151,152,153,154,155,156,157,158,159,160,161,162,163,164,165,166,167,168,169,170,171,172,173,174,175,176,177,178,179,180,181,182,183,184,185,186,187,188,189,190,191,192,193,194,195,196,197,198,199,200,201,202,203,204,205,206,207,208,209,210,211,212,213,214,215,216,217,218,219,220,221,222,223,224,225,226,227,228,229,230,231,232,233,234,235,236,237,238,239,240,241,242,243,244,245,246,247,248,249,250,251,252,253,254,255,256,257,258,259,260,261,262,263,264,265,266,267,268,269,270,271,272,273,274,275,276,277,278,279,280,281,282,283,284,285,286,287,288,289,290,291,292,293,294,295,296,297,298,299,300,301,302,303,304,305
n_hospitalized,0.0,0.0,0.0,0.0,0.0,0.0,0.0,0.0,1.0,1.0,1.0,1.0,1.0,1.0,2.0,3.0,3.0,3.0,2.0,4.0,5.0,5.0,6.0,7.0,7.0,8.0,10.0,9.0,9.0,9.0,9.0,13.0,14.0,14.0,14.0,16.0,22.0,24.0,25.0,30.0,35.0,40.0,45.0,50.0,55.0,60.0,69.0,82.0,92.0,106.0,117.0,129.0,149.0,164.0,186.0,208.0,235.0,258.0,287.0,326.0,367.0,400.0,449.0,497.0,550.0,631.0,701.0,796.0,866.0,949.0,1070.0,1200.0,1357.0,1519.0,1715.0,1878.0,2095.0,2356.0,2639.0,2917.0,3210.0,3529.0,3868.0,4232.0,4677.0,5130.0,5566.0,6036.0,6592.0,7133.0,7685.0,8347.0,8983.0,9644.0,10275.0,10957.0,11538.0,12101.0,12710.0,13277.0,13787.0,14259.0,14689.0,14980.0,15312.0,15506.0,15620.0,15766.0,15713.0,15633.0,15428.0,15223.0,14921.0,14645.0,14330.0,13957.0,13635.0,13200.0,12739.0,12213.0,11680.0,11097.0,10573.0,10050.0,9485.0,8983.0,8458.0,8016.0,7559.0,7084.0,6635.0,6175.0,5818.0,5405.0,5061.0,4703.0,4364.0,4072.0,3776.0,3466.0,3195.0,2956.0,2730.0,2525.0,2357.0,2159.0,2007.0,1869.0,1751.0,1624.0,1506.0,1419.0,1332.0,1239.0,1147.0,1067.0,991.0,920.0,868.0,799.0,739.0,711.0,640.0,612.0,562.0,521.0,485.0,456.0,423.0,394.0,364.0,334.0,316.0,293.0,274.0,251.0,232.0,212.0,197.0,181.0,165.0,162.0,151.0,141.0,127.0,115.0,108.0,103.0,99.0,96.0,87.0,81.0,73.0,68.0,66.0,57.0,57.0,52.0,47.0,47.0,48.0,44.0,42.0,39.0,34.0,33.0,36.0,35.0,30.0,27.0,27.0,25.0,23.0,23.0,21.0,20.0,18.0,16.0,16.0,15.0,14.0,12.0,10.0,9.0,10.0,9.0,8.0,8.0,5.0,3.0,2.0,2.0,1.0,1.0,1.0,1.0,2.0,2.0,2.0,2.0,2.0,2.0,1.0,1.0,1.0,1.0,1.0,1.0,0.0,0.0,0.0,0.0,0.0,0.0,0.0,0.0,1.0,1.0,1.0,1.0,1.0,1.0,1.0,1.0,1.0,1.0,1.0,0.0,0.0,1.0,1.0,1.0,1.0,1.0,1.0,2.0,2.0,2.0,3.0,3.0,3.0,3.0,3.0,3.0,3.0,3.0,3.0,3.0,3.0,2.0,3.0,2.0,2.0,1.0,1.0,1.0,1.0,1.0,1.0,1.0,1.0,1.0,1.0,1.0,1.0,1.0
n_infectious,0.0,0.0,0.0,3.0,3.0,7.0,10.0,12.0,17.0,23.0,26.0,34.0,41.0,43.0,45.0,60.0,76.0,83.0,95.0,108.0,127.0,136.0,156.0,165.0,190.0,213.0,233.0,254.0,281.0,312.0,350.0,384.0,424.0,484.0,547.0,626.0,696.0,794.0,900.0,988.0,1119.0,1255.0,1383.0,1555.0,1742.0,1933.0,2179.0,2453.0,2738.0,3101.0,3430.0,3828.0,4310.0,4738.0,5302.0,5975.0,6711.0,7557.0,8412.0,9410.0,10516.0,11811.0,13218.0,14826.0,16595.0,18418.0,20494.0,22961.0,25611.0,28551.0,31748.0,35340.0,39301.0,43476.0,48335.0,53583.0,59170.0,65312.0,71912.0,79115.0,86742.0,94689.0,103113.0,112170.0,121546.0,131286.0,141220.0,151547.0,161751.0,171972.0,181908.0,191463.0,200332.0,208900.0,216431.0,223151.0,228630.0,232641.0,235911.0,237900.0,238445.0,237971.0,236086.0,233040.0,229027.0,223831.0,217813.0,211322.0,203967.0,195921.0,187956.0,179492.0,171069.0,162517.0,153778.0,145394.0,136806.0,129097.0,121036.0,113388.0,105799.0,98944.0,92598.0,86467.0,80301.0,74880.0,69458.0,64605.0,59976.0,55585.0,51597.0,47769.0,44246.0,41086.0,38129.0,35212.0,32643.0,30162.0,28082.0,25953.0,24122.0,22210.0,20517.0,19082.0,17621.0,16326.0,15185.0,14088.0,13012.0,12082.0,11220.0,10442.0,9715.0,9017.0,8414.0,7786.0,7176.0,6646.0,6152.0,5698.0,5310.0,4980.0,4653.0,4355.0,4022.0,3740.0,3545.0,3272.0,3066.0,2866.0,2613.0,2439.0,2319.0,2170.0,2044.0,1876.0,1755.0,1654.0,1562.0,1470.0,1354.0,1302.0,1219.0,1157.0,1095.0,998.0,938.0,889.0,836.0,793.0,730.0,692.0,650.0,619.0,588.0,554.0,514.0,488.0,459.0,433.0,412.0,392.0,363.0,348.0,330.0,304.0,292.0,287.0,267.0,263.0,240.0,224.0,208.0,197.0,184.0,176.0,172.0,158.0,155.0,157.0,137.0,128.0,119.0,112.0,110.0,101.0,92.0,89.0,78.0,74.0,71.0,68.0,64.0,59.0,59.0,51.0,50.0,47.0,46.0,39.0,34.0,29.0,29.0,29.0,27.0,24.0,27.0,28.0,26.0,25.0,30.0,31.0,31.0,29.0,30.0,30.0,30.0,35.0,34.0,33.0,36.0,37.0,38.0,35.0,30.0,29.0,31.0,33.0,36.0,31.0,28.0,25.0,28.0,30.0,27.0,24.0,23.0,20.0,16.0,11.0,11.0,11.0,10.0,9.0,10.0,10.0,9.0,8.0,8.0,7.0,7.0,5.0,5.0,3.0,3.0,3.0,3.0,3.0,3.0,4.0,4.0,4.0,4.0,4.0,3.0,4.0
mobility,1.0,1.0,1.0,1.0,1.0,1.0,1.0,1.0,1.0,1.0,1.0,1.0,1.0,1.0,1.0,1.0,1.0,1.0,1.0,1.0,1.0,1.0,1.0,1.0,1.0,1.0,1.0,1.0,1.0,1.0,1.0,1.0,1.0,1.0,1.0,1.0,1.0,1.0,1.0,1.0,1.0,1.0,1.0,1.0,1.0,1.0,1.0,1.0,1.0,1.0,1.0,1.0,1.0,1.0,1.0,1.0,1.0,1.0,1.0,1.0,1.0,1.0,1.0,1.0,1.0,1.0,1.0,1.0,1.0,1.0,1.0,1.0,1.0,1.0,1.0,1.0,1.0,1.0,1.0,1.0,1.0,1.0,1.0,1.0,1.0,1.0,1.0,1.0,1.0,1.0,1.0,1.0,1.0,1.0,1.0,1.0,1.0,1.0,1.0,1.0,1.0,1.0,1.0,1.0,1.0,1.0,1.0,1.0,1.0,1.0,1.0,1.0,1.0,1.0,1.0,1.0,1.0,1.0,1.0,1.0,1.0,1.0,1.0,1.0,1.0,1.0,1.0,1.0,1.0,1.0,1.0,1.0,1.0,1.0,1.0,1.0,1.0,1.0,1.0,1.0,1.0,1.0,1.0,1.0,1.0,1.0,1.0,1.0,1.0,1.0,1.0,1.0,1.0,1.0,1.0,1.0,1.0,1.0,1.0,1.0,1.0,1.0,1.0,1.0,1.0,1.0,1.0,1.0,1.0,1.0,1.0,1.0,1.0,1.0,1.0,1.0,1.0,1.0,1.0,1.0,1.0,1.0,1.0,1.0,1.0,1.0,1.0,1.0,1.0,1.0,1.0,1.0,1.0,1.0,1.0,1.0,1.0,1.0,1.0,1.0,1.0,1.0,1.0,1.0,1.0,1.0,1.0,1.0,1.0,1.0,1.0,1.0,1.0,1.0,1.0,1.0,1.0,1.0,1.0,1.0,1.0,1.0,1.0,1.0,1.0,1.0,1.0,1.0,1.0,1.0,1.0,1.0,1.0,1.0,1.0,1.0,1.0,1.0,1.0,1.0,1.0,1.0,1.0,1.0,1.0,1.0,1.0,1.0,1.0,1.0,1.0,1.0,1.0,1.0,1.0,1.0,1.0,1.0,1.0,1.0,1.0,1.0,1.0,1.0,1.0,1.0,1.0,1.0,1.0,1.0,1.0,1.0,1.0,1.0,1.0,1.0,1.0,1.0,1.0,1.0,1.0,1.0,1.0,1.0,1.0,1.0,1.0,1.0,1.0,1.0,1.0,1.0,1.0,1.0,1.0,1.0,1.0,1.0,1.0,1.0,1.0,1.0,1.0,1.0,1.0,1.0
R_eff,5.553734198070708,6.347124797795095,7.476327569614463,8.148282152768434,7.846246277188498,6.703946296146937,5.541495930580865,4.686629267114043,3.9772542231058994,3.539666641516032,3.443933150869218,3.4641626638766567,3.590475883323732,3.63933299851942,3.3968260888708564,3.173919601194658,3.017673131449147,2.8143917909713707,2.676318370835768,2.536429746077676,2.430125886668589,2.3929666947725967,2.31459715704024,2.3087788348091065,2.4144786514873413,2.4653056153888966,2.446664466917955,2.4999209544903125,2.6482221579614573,2.727636734485265,2.7044669063170046,2.750658824880285,2.900803264399999,2.9813099741174613,2.889968991736793,2.7113222859286834,2.573130344144484,2.5152024319287065,2.5207118004791984,2.5812086377786807,2.6398241739175323,2.633407154296188,2.599703519884719,2.5927881031688598,2.609556101916735,2.6263703324875576,2.6239071231875224,2.6080248744611385,2.5968959633931754,2.593441625775439,2.6022517594358754,2.6253601470733647,2.634192467097472,2.6150115775951064,2.609084530189514,2.638347430786642,2.666563851502349,2.6629953142296454,2.634284756770103,2.602187648723814,2.5834022490824857,2.5778240950809312,2.5691887091910064,2.552515483028356,2.537206134462369,2.5266270601197003,2.5210342965870285,2.5119833131544045,2.4913152506361382,2.465862436857393,2.4397195796644287,2.4111432640164936,2.3786895341833243,2.343942405601663,2.3116699033898223,2.2759270771089257,2.2285101562412484,2.177681783033819,2.1319375220957197,2.0862642858027867,2.036209777394057,1.9823234327537755,1.9243470522042905,1.8630221199703727,1.799061726117352,1.7310982722822392,1.660062773884785,1.5890780005492406,1.5200692423041369,1.454310087257665,1.3897705652828418,1.3215759271547225,1.2511675917259335,1.1865545008730716,1.1300991707998809,1.0769662044981143,1.0252068796136546,0.9751308931863298,0.9266681965105568,0.8823626255647193,0.8428322769422473,0.8051614792056965,0.7695532161986152,0.7383631197917809,0.7099232315107504,0.6826668409956836,0.6592511386117883,0.6391057489980917,0.6193303155957087,0.6014345262511481,0.5871399372242784,0.5745252321001673,0.5608568807998044,0.5480490668820558,0.5399801385046668,0.5334571364381153,0.5235164558768602,0.5122710347203574,0.5048467534291283,0.5015670570208068,0.497783640828122,0.4924342791810863,0.4876355033823702,0.4821045619491675,0.4771381389174146,0.4765054172355443,0.4768374984943204,0.473635173750272,0.4696379637041509,0.4683901020423213,0.4689886465081427,0.4687522089937117,0.4665565856046514,0.4640548715833927,0.4625571273037178,0.4621302799065098,0.46374168359455,0.466776747865492,0.4711321031778468,0.4781589685245999,0.481677791896006,0.4772686549747568,0.4743206404351726,0.4763386431842589,0.4753936970262462,0.4718541594631922,0.4729890397387261,0.4803776714137574,0.4865777312506765,0.4840263306505677,0.479678286647432,0.481902563883632,0.4841490134154535,0.4824884399151422,0.4803395841355702,0.4758229886794191,0.4701290629462855,0.4757657494924109,0.4981820481692825,0.5209229041948258,0.5266778723958994,0.5153721909143378,0.4986580263792113,0.493163600464647,0.4989978945000298,0.4974986933731747,0.4912586946503829,0.500547311547713,0.5190585664330627,0.5168156143892814,0.4921630432635057,0.4870091027564032,0.5170363848125501,0.54375913940861,0.5474062007716437,0.5478012080126181,0.5514558907300966,0.5553958078549506,0.5731056682431938,0.59708361601551,0.5945929699809643,0.561582348761579,0.512942401575706,0.470231159309304,0.4767285694094658,0.5333035912250751,0.5900497850490373,0.6053503449530457,0.568356407831222,0.5336553680417659,0.5400528912156771,0.5574140253505873,0.5955338592318177,0.6467024801686898,0.6365419312983874,0.5777887535697835,0.5562465530515444,0.5677895237011001,0.5433988378905001,0.5035212999043699,0.5218191007384922,0.5832886631667845,0.6310386271388351,0.6584984605822324,0.6773454595924133,0.6733508610839621,0.6385998750009714,0.5886880930571843,0.5205280199007174,0.4594700997097434,0.4646095811920003,0.5140343767249712,0.56731485036737,0.6533018223658693,0.7368990026047961,0.705625653420199,0.6059904656360176,0.5870271771066479,0.6044332122185904,0.5569038479875594,0.4947444967103956,0.4751614412761348,0.5083513506357902,0.5852635056667544,0.647865329673355,0.6677094908720864,0.6246331638387325,0.5029334388032833,0.434912590082809,0.5220539669773697,0.6098780954551014,0.5531207379462881,0.4460663540419089,0.4187217476004261,0.4581341332399239,0.5016677690265929,0.5987577410356879,0.7822169568454459,0.8746517151867167,0.7819039141576296,0.6644300940640496,0.6983555440455806,0.9066575715368278,1.1082141075097738,1.1608492442017768,1.1314294488298222,1.0940573323195089,1.0292608335457734,0.9961201357346604,1.2037471533435802,1.4943618684016151,1.465584881916548,1.2930596520647015,1.231511892015332,1.1729479958757367,1.190269039573732,1.3676579339163644,1.5061671356102089,1.3640895543504414,0.9646762829526884,0.6782915974604713,0.7150314478371618,0.8546846483805047,0.9161671741813676,0.8817820131001549,0.7534085749994318,0.7198912444716725,0.841966501741018,0.8527617288391577,0.7133289417152668,0.5517417796135436,0.3625490083123132,0.2152794895979462,0.1747656373119858,0.1810171354055569,0.3135281717911626,0.6968917942469439,0.975254425795182,0.7317672097164653,0.2702512264251709,0.0375348925590515,0.0,0.0,0.0,0.0,0.0,0.075069785118103,0.386073180607387,0.7935948712485177,0.8150433812822614,0.5383576018469673,0.5662406648908342,0.7206699371337891,0.4804466247558594,0.1201116561889648,0.0,0.0,0.0,0.150139570236206,0.6005582809448242,1.2011165618896484,1.9518144130706787,2.752558787663778,3.052837928136189,2.702512264251709,2.091944678624471
